21 178
1 8
1 9
1 10
1 11
1 12
1 13
1 14
2 8
2 9
2 10
2 11
2 12
2 13
2 14
3 8
3 9
3 10
3 11
3 12
3 13
3 14
4 8
4 9
4 10
4 11
4 12
4 13
4 14
5 8
5 9
5 10
5 11
5 12
5 13
5 14
6 8
6 9
6 10
6 11
6 12
6 13
6 14
7 8
7 9
7 10
7 11
7 12
7 13
7 14
8 9
8 10
8 12
8 14
8 15
8 16
8 17
8 18
8 19
8 20
8 21
9 10
9 12
9 14
9 15
9 16
9 17
9 18
9 19
9 20
9 21
10 12
10 14
10 15
10 16
10 17
10 18
10 19
10 20
10 21
11 15
11 16
11 17
11 18
11 19
11 20
11 21
12 14
12 15
12 16
12 17
12 18
12 19
12 20
12 21
13 15
13 16
13 17
13 18
13 19
13 20
13 21
14 15
14 16
14 17
14 18
14 19
14 20
14 21
15 16
15 17
15 19
15 21
15 22
15 23
15 24
15 25
15 26
15 27
15 28
16 17
16 19
16 21
16 22
16 23
16 24
16 25
16 26
16 27
16 28
17 19
17 21
17 22
17 23
17 24
17 25
17 26
17 27
17 28
18 22
18 23
18 24
18 25
18 26
18 27
18 28
19 21
19 22
19 23
19 24
19 25
19 26
19 27
19 28
20 22
20 23
20 24
20 25
20 26
20 27
20 28
21 22
21 23
21 24
21 25
21 26
21 27
21 28
22 25
22 27
23 25
23 27
24 25
24 27
25 26
25 27
25 28
26 27
27 28
8
9
10
11
12
13
14
22
23
24
25
26
27
28
1
2
3
4
5
6
7
15
16
17
18
19
20
21
