107 159
107 160
107 161
107 162
107 163
107 164
107 165
107 166
107 167
107 168
107 169
107 170
107 171
107 172
107 173
107 174
107 175
107 176
107 177
107 178
107 179
107 180
107 181
107 182
107 183
107 184
107 185
107 186
107 187
107 188
107 189
107 190
107 191
107 192
107 193
107 194
107 195
107 196
107 197
107 198
107 199
107 200
107 201
108 112
108 115
108 123
108 125
108 127
108 132
108 133
108 135
108 136
108 137
108 138
108 139
108 140
108 141
108 142
108 143
108 144
108 145
108 146
108 147
108 148
108 149
108 150
108 151
108 152
108 153
108 154
108 155
108 156
108 157
108 158
108 159
108 160
108 161
108 162
108 163
108 164
108 165
108 166
108 167
108 168
108 169
108 170
108 171
108 172
108 173
108 174
108 175
108 176
108 177
108 178
108 179
108 180
108 181
108 182
108 183
108 184
108 185
108 186
108 187
108 188
108 189
108 190
108 191
108 192
108 193
108 194
108 195
108 196
108 197
108 198
108 199
108 200
108 201
109 114
109 115
109 116
109 123
109 124
109 126
109 127
109 130
109 131
109 132
109 133
109 135
109 136
109 137
109 138
109 139
109 140
109 141
109 142
109 143
109 144
109 145
109 146
109 147
109 148
109 149
109 150
109 151
109 152
109 153
109 154
109 155
109 156
109 157
109 158
109 159
109 160
109 161
109 162
109 163
109 164
109 165
109 166
109 167
109 168
109 169
109 170
109 171
109 172
109 173
109 174
109 175
109 176
109 177
109 178
109 179
109 180
109 181
109 182
109 183
109 184
109 185
109 186
109 187
109 188
109 189
109 190
109 191
109 192
109 193
109 194
109 195
109 196
109 197
109 198
109 199
109 200
109 201
110 112
110 114
110 115
110 123
110 125
110 126
110 127
110 132
110 133
110 135
110 136
110 137
110 138
110 139
110 140
110 141
110 142
110 143
110 144
110 145
110 146
110 147
110 148
110 149
110 150
110 151
110 152
110 153
110 154
110 155
110 156
110 157
110 158
110 159
110 160
110 161
110 162
110 163
110 164
110 165
110 166
110 167
110 168
110 169
110 170
110 171
110 172
110 173
110 174
110 175
110 176
110 177
110 178
110 179
110 180
110 181
110 182
110 183
110 184
110 185
110 186
110 187
110 188
110 189
110 190
110 191
110 192
110 193
110 194
110 195
110 196
110 197
110 198
110 199
110 200
110 201
111 112
111 114
111 115
111 116
111 118
111 122
111 123
111 124
111 125
111 126
111 127
111 129
111 130
111 131
111 132
111 133
111 135
111 136
111 137
111 138
111 139
111 140
111 141
111 142
111 143
111 144
111 145
111 146
111 147
111 148
111 149
111 150
111 151
111 152
111 153
111 154
111 155
111 156
111 157
111 158
111 159
111 160
111 161
111 162
111 163
111 164
111 165
111 166
111 167
111 168
111 169
111 170
111 171
111 172
111 173
111 174
111 175
111 176
111 177
111 178
111 179
111 180
111 181
111 182
111 183
111 184
111 185
111 186
111 187
111 188
111 189
111 190
111 191
111 192
111 193
111 194
111 195
111 196
111 197
111 198
111 199
111 200
111 201
112 114
112 115
112 116
112 117
112 120
112 121
112 123
112 124
112 125
112 126
112 127
112 131
112 132
112 133
112 134
112 135
112 136
112 137
112 138
112 139
112 140
112 141
112 142
112 143
112 144
112 145
112 146
112 147
112 148
112 149
112 150
112 151
112 152
112 153
112 154
112 155
112 156
112 157
112 158
112 159
112 160
112 161
112 162
112 163
112 164
112 165
112 166
112 167
112 168
112 169
112 170
112 171
112 172
112 173
112 174
112 175
112 176
112 177
112 178
112 179
112 180
112 181
112 182
112 183
112 184
112 185
112 186
112 187
112 188
112 189
112 190
112 191
112 192
112 193
112 194
112 195
112 196
112 197
112 198
112 199
112 200
112 201
113 123
113 135
113 136
113 137
113 138
113 139
113 140
113 141
113 142
113 143
113 144
113 145
113 146
113 147
113 148
113 149
113 150
113 151
113 152
113 153
113 154
113 155
113 156
113 157
113 158
113 159
113 160
113 161
113 162
113 163
113 164
113 165
113 166
113 167
113 168
113 169
113 170
113 171
113 172
113 173
113 174
113 175
113 176
113 177
113 178
113 179
113 180
113 181
113 182
113 183
113 184
113 185
113 186
113 187
113 188
113 189
113 190
113 191
113 192
113 193
113 194
113 195
113 196
113 197
113 198
113 199
113 200
113 201
114 115
114 116
114 118
114 120
114 122
114 123
114 124
114 125
114 126
114 127
114 128
114 129
114 130
114 131
114 132
114 133
114 135
114 136
114 137
114 138
114 139
114 140
114 141
114 142
114 143
114 144
114 145
114 146
114 147
114 148
114 149
114 150
114 151
114 152
114 153
114 154
114 155
114 156
114 157
114 158
114 159
114 160
114 161
114 162
114 163
114 164
114 165
114 166
114 167
114 168
114 169
114 170
114 171
114 172
114 173
114 174
114 175
114 176
114 177
114 178
114 179
114 180
114 181
114 182
114 183
114 184
114 185
114 186
114 187
114 188
114 189
114 190
114 191
114 192
114 193
114 194
114 195
114 196
114 197
114 198
114 199
114 200
114 201
115 116
115 118
115 119
115 120
115 121
115 122
115 123
115 124
115 125
115 126
115 127
115 128
115 129
115 130
115 131
115 132
115 133
115 134
115 135
115 136
115 137
115 138
115 139
115 140
115 141
115 142
115 143
115 144
115 145
115 146
115 147
115 148
115 149
115 150
115 151
115 152
115 153
115 154
115 155
115 156
115 157
115 158
115 159
115 160
115 161
115 162
115 163
115 164
115 165
115 166
115 167
115 168
115 169
115 170
115 171
115 172
115 173
115 174
115 175
115 176
115 177
115 178
115 179
115 180
115 181
115 182
115 183
115 184
115 185
115 186
115 187
115 188
115 189
115 190
115 191
115 192
115 193
115 194
115 195
115 196
115 197
115 198
115 199
115 200
115 201
116 118
116 120
116 122
116 123
116 124
116 125
116 126
116 127
116 129
116 130
116 131
116 132
116 133
116 135
116 136
116 137
116 138
116 139
116 140
116 141
116 142
116 143
116 144
116 145
116 146
116 147
116 148
116 149
116 150
116 151
116 152
116 153
116 154
116 155
116 156
116 157
116 158
116 159
116 160
116 161
116 162
116 163
116 164
116 165
116 166
116 167
116 168
116 169
116 170
116 171
116 172
116 173
116 174
116 175
116 176
116 177
116 178
116 179
116 180
116 181
116 182
116 183
116 184
116 185
116 186
116 187
116 188
116 189
116 190
116 191
116 192
116 193
116 194
116 195
116 196
116 197
116 198
116 199
116 200
116 201
117 123
117 125
117 132
117 133
117 135
117 136
117 137
117 138
117 139
117 140
117 141
117 142
117 143
117 144
117 145
117 146
117 147
117 148
117 149
117 150
117 151
117 152
117 153
117 154
117 155
117 156
117 157
117 158
117 159
117 160
117 161
117 162
117 163
117 164
117 165
117 166
117 167
117 168
117 169
117 170
117 171
117 172
117 173
117 174
117 175
117 176
117 177
117 178
117 179
117 180
117 181
117 182
117 183
117 184
117 185
117 186
117 187
117 188
117 189
117 190
117 191
117 192
117 193
117 194
117 195
117 196
117 197
117 198
117 199
117 200
117 201
118 123
118 124
118 126
118 127
118 129
118 130
118 131
118 132
118 133
118 135
118 136
118 137
118 138
118 139
118 140
118 141
118 142
118 143
118 144
118 145
118 146
118 147
118 148
118 149
118 150
118 151
118 152
118 153
118 154
118 155
118 156
118 157
118 158
118 159
118 160
118 161
118 162
118 163
118 164
118 165
118 166
118 167
118 168
118 169
118 170
118 171
118 172
118 173
118 174
118 175
118 176
118 177
118 178
118 179
118 180
118 181
118 182
118 183
118 184
118 185
118 186
118 187
118 188
118 189
118 190
118 191
118 192
118 193
118 194
118 195
118 196
118 197
118 198
118 199
118 200
118 201
119 123
119 127
119 132
119 133
119 135
119 136
119 137
119 138
119 139
119 140
119 141
119 142
119 143
119 144
119 145
119 146
119 147
119 148
119 149
119 150
119 151
119 152
119 153
119 154
119 155
119 156
119 157
119 158
119 159
119 160
119 161
119 162
119 163
119 164
119 165
119 166
119 167
119 168
119 169
119 170
119 171
119 172
119 173
119 174
119 175
119 176
119 177
119 178
119 179
119 180
119 181
119 182
119 183
119 184
119 185
119 186
119 187
119 188
119 189
119 190
119 191
119 192
119 193
119 194
119 195
119 196
119 197
119 198
119 199
119 200
119 201
120 123
120 124
120 125
120 126
120 127
120 130
120 132
120 133
120 135
120 136
120 137
120 138
120 139
120 140
120 141
120 142
120 143
120 144
120 145
120 146
120 147
120 148
120 149
120 150
120 151
120 152
120 153
120 154
120 155
120 156
120 157
120 158
120 159
120 160
120 161
120 162
120 163
120 164
120 165
120 166
120 167
120 168
120 169
120 170
120 171
120 172
120 173
120 174
120 175
120 176
120 177
120 178
120 179
120 180
120 181
120 182
120 183
120 184
120 185
120 186
120 187
120 188
120 189
120 190
120 191
120 192
120 193
120 194
120 195
120 196
120 197
120 198
120 199
120 200
120 201
121 123
121 125
121 127
121 132
121 133
121 135
121 136
121 137
121 138
121 139
121 140
121 141
121 142
121 143
121 144
121 145
121 146
121 147
121 148
121 149
121 150
121 151
121 152
121 153
121 154
121 155
121 156
121 157
121 158
121 159
121 160
121 161
121 162
121 163
121 164
121 165
121 166
121 167
121 168
121 169
121 170
121 171
121 172
121 173
121 174
121 175
121 176
121 177
121 178
121 179
121 180
121 181
121 182
121 183
121 184
121 185
121 186
121 187
121 188
121 189
121 190
121 191
121 192
121 193
121 194
121 195
121 196
121 197
121 198
121 199
121 200
121 201
122 123
122 124
122 126
122 127
122 129
122 130
122 131
122 132
122 133
122 135
122 136
122 137
122 138
122 139
122 140
122 141
122 142
122 143
122 144
122 145
122 146
122 147
122 148
122 149
122 150
122 151
122 152
122 153
122 154
122 155
122 156
122 157
122 158
122 159
122 160
122 161
122 162
122 163
122 164
122 165
122 166
122 167
122 168
122 169
122 170
122 171
122 172
122 173
122 174
122 175
122 176
122 177
122 178
122 179
122 180
122 181
122 182
122 183
122 184
122 185
122 186
122 187
122 188
122 189
122 190
122 191
122 192
122 193
122 194
122 195
122 196
122 197
122 198
122 199
122 200
122 201
123 124
123 125
123 126
123 127
123 128
123 129
123 130
123 131
123 132
123 133
123 134
123 135
123 136
123 137
123 138
123 139
123 140
123 141
123 142
123 143
123 144
123 145
123 146
123 147
123 148
123 149
123 150
123 151
123 152
123 153
123 154
123 155
123 156
123 157
123 158
123 159
123 160
123 161
123 162
123 163
123 164
123 165
123 166
123 167
123 168
123 169
123 170
123 171
123 172
123 173
123 174
123 175
123 176
123 177
123 178
123 179
123 180
123 181
123 182
123 183
123 184
123 185
123 186
123 187
123 188
123 189
123 190
123 191
123 192
123 193
123 194
123 195
123 196
123 197
123 198
123 199
123 200
123 201
124 125
124 126
124 127
124 129
124 130
124 131
124 132
124 133
124 135
124 136
124 137
124 138
124 139
124 140
124 141
124 142
124 143
124 144
124 145
124 146
124 147
124 148
124 149
124 150
124 151
124 152
124 153
124 154
124 155
124 156
124 157
124 158
124 159
124 160
124 161
124 162
124 163
124 164
124 165
124 166
124 167
124 168
124 169
124 170
124 171
124 172
124 173
124 174
124 175
124 176
124 177
124 178
124 179
124 180
124 181
124 182
124 183
124 184
124 185
124 186
124 187
124 188
124 189
124 190
124 191
124 192
124 193
124 194
124 195
124 196
124 197
124 198
124 199
124 200
124 201
125 126
125 127
125 130
125 131
125 132
125 133
125 134
125 135
125 136
125 137
125 138
125 139
125 140
125 141
125 142
125 143
125 144
125 145
125 146
125 147
125 148
125 149
125 150
125 151
125 152
125 153
125 154
125 155
125 156
125 157
125 158
125 159
125 160
125 161
125 162
125 163
125 164
125 165
125 166
125 167
125 168
125 169
125 170
125 171
125 172
125 173
125 174
125 175
125 176
125 177
125 178
125 179
125 180
125 181
125 182
125 183
125 184
125 185
125 186
125 187
125 188
125 189
125 190
125 191
125 192
125 193
125 194
125 195
125 196
125 197
125 198
125 199
125 200
125 201
126 127
126 128
126 129
126 130
126 131
126 132
126 133
126 134
126 135
126 136
126 137
126 138
126 139
126 140
126 141
126 142
126 143
126 144
126 145
126 146
126 147
126 148
126 149
126 150
126 151
126 152
126 153
126 154
126 155
126 156
126 157
126 158
126 159
126 160
126 161
126 162
126 163
126 164
126 165
126 166
126 167
126 168
126 169
126 170
126 171
126 172
126 173
126 174
126 175
126 176
126 177
126 178
126 179
126 180
126 181
126 182
126 183
126 184
126 185
126 186
126 187
126 188
126 189
126 190
126 191
126 192
126 193
126 194
126 195
126 196
126 197
126 198
126 199
126 200
126 201
127 128
127 129
127 130
127 131
127 132
127 133
127 134
127 135
127 136
127 137
127 138
127 139
127 140
127 141
127 142
127 143
127 144
127 145
127 146
127 147
127 148
127 149
127 150
127 151
127 152
127 153
127 154
127 155
127 156
127 157
127 158
127 159
127 160
127 161
127 162
127 163
127 164
127 165
127 166
127 167
127 168
127 169
127 170
127 171
127 172
127 173
127 174
127 175
127 176
127 177
127 178
127 179
127 180
127 181
127 182
127 183
127 184
127 185
127 186
127 187
127 188
127 189
127 190
127 191
127 192
127 193
127 194
127 195
127 196
127 197
127 198
127 199
127 200
127 201
128 132
128 133
128 135
128 136
128 137
128 138
128 139
128 140
128 141
128 142
128 143
128 144
128 145
128 146
128 147
128 148
128 149
128 150
128 151
128 152
128 153
128 154
128 155
128 156
128 157
128 158
128 159
128 160
128 161
128 162
128 163
128 164
128 165
128 166
128 167
128 168
128 169
128 170
128 171
128 172
128 173
128 174
128 175
128 176
128 177
128 178
128 179
128 180
128 181
128 182
128 183
128 184
128 185
128 186
128 187
128 188
128 189
128 190
128 191
128 192
128 193
128 194
128 195
128 196
128 197
128 198
128 199
128 200
128 201
129 130
129 131
129 132
129 133
129 135
129 136
129 137
129 138
129 139
129 140
129 141
129 142
129 143
129 144
129 145
129 146
129 147
129 148
129 149
129 150
129 151
129 152
129 153
129 154
129 155
129 156
129 157
129 158
129 159
129 160
129 161
129 162
129 163
129 164
129 165
129 166
129 167
129 168
129 169
129 170
129 171
129 172
129 173
129 174
129 175
129 176
129 177
129 178
129 179
129 180
129 181
129 182
129 183
129 184
129 185
129 186
129 187
129 188
129 189
129 190
129 191
129 192
129 193
129 194
129 195
129 196
129 197
129 198
129 199
129 200
129 201
130 131
130 132
130 133
130 135
130 136
130 137
130 138
130 139
130 140
130 141
130 142
130 143
130 144
130 145
130 146
130 147
130 148
130 149
130 150
130 151
130 152
130 153
130 154
130 155
130 156
130 157
130 158
130 159
130 160
130 161
130 162
130 163
130 164
130 165
130 166
130 167
130 168
130 169
130 170
130 171
130 172
130 173
130 174
130 175
130 176
130 177
130 178
130 179
130 180
130 181
130 182
130 183
130 184
130 185
130 186
130 187
130 188
130 189
130 190
130 191
130 192
130 193
130 194
130 195
130 196
130 197
130 198
130 199
130 200
130 201
131 132
131 133
131 135
131 136
131 137
131 138
131 139
131 140
131 141
131 142
131 143
131 144
131 145
131 146
131 147
131 148
131 149
131 150
131 151
131 152
131 153
131 154
131 155
131 156
131 157
131 158
131 159
131 160
131 161
131 162
131 163
131 164
131 165
131 166
131 167
131 168
131 169
131 170
131 171
131 172
131 173
131 174
131 175
131 176
131 177
131 178
131 179
131 180
131 181
131 182
131 183
131 184
131 185
131 186
131 187
131 188
131 189
131 190
131 191
131 192
131 193
131 194
131 195
131 196
131 197
131 198
131 199
131 200
131 201
132 133
132 134
132 135
132 136
132 137
132 138
132 139
132 140
132 141
132 142
132 143
132 144
132 145
132 146
132 147
132 148
132 149
132 150
132 151
132 152
132 153
132 154
132 155
132 156
132 157
132 158
132 159
132 160
132 161
132 162
132 163
132 164
132 165
132 166
132 167
132 168
132 169
132 170
132 171
132 172
132 173
132 174
132 175
132 176
132 177
132 178
132 179
132 180
132 181
132 182
132 183
132 184
132 185
132 186
132 187
132 188
132 189
132 190
132 191
132 192
132 193
132 194
132 195
132 196
132 197
132 198
132 199
132 200
132 201
133 134
133 135
133 136
133 137
133 138
133 139
133 140
133 141
133 142
133 143
133 144
133 145
133 146
133 147
133 148
133 149
133 150
133 151
133 152
133 153
133 154
133 155
133 156
133 157
133 158
133 159
133 160
133 161
133 162
133 163
133 164
133 165
133 166
133 167
133 168
133 169
133 170
133 171
133 172
133 173
133 174
133 175
133 176
133 177
133 178
133 179
133 180
133 181
133 182
133 183
133 184
133 185
133 186
133 187
133 188
133 189
133 190
133 191
133 192
133 193
133 194
133 195
133 196
133 197
133 198
133 199
133 200
133 201
134 135
134 136
134 137
134 138
134 139
134 140
134 141
134 142
134 143
134 144
134 145
134 146
134 147
134 148
134 149
134 150
134 151
134 152
134 153
134 154
134 155
134 156
134 157
134 158
134 159
134 160
134 161
134 162
134 163
134 164
134 165
134 166
134 167
134 168
134 169
134 170
134 171
134 172
134 173
134 174
134 175
134 176
134 177
134 178
134 179
134 180
134 181
134 182
134 183
134 184
134 185
134 186
134 187
134 188
134 189
134 190
134 191
134 192
134 193
134 194
134 195
134 196
134 197
134 198
134 199
134 200
134 201
135 136
135 144
135 151
135 152
135 156
135 171
135 182
135 190
135 194
135 199
135 200
135 202
135 203
135 204
135 205
135 206
135 207
135 208
135 209
135 210
135 211
135 212
135 213
135 214
135 215
135 216
135 217
135 218
135 219
135 220
135 221
135 222
135 223
135 224
135 225
135 226
135 227
135 228
135 229
135 230
135 231
135 232
135 233
135 234
135 235
135 236
135 237
135 238
135 239
135 240
135 241
135 242
135 243
135 244
135 245
135 246
135 247
135 248
135 249
135 250
135 251
135 252
135 253
135 254
135 255
135 256
135 257
135 258
135 259
135 260
135 261
135 262
135 263
135 264
135 265
135 266
135 267
135 268
136 137
136 138
136 140
136 141
136 142
136 143
136 144
136 145
136 146
136 147
136 149
136 150
136 151
136 152
136 153
136 154
136 155
136 156
136 157
136 159
136 160
136 161
136 162
136 166
136 167
136 168
136 169
136 170
136 171
136 172
136 173
136 174
136 175
136 176
136 177
136 178
136 179
136 181
136 182
136 183
136 185
136 187
136 189
136 190
136 191
136 192
136 193
136 194
136 195
136 196
136 197
136 198
136 199
136 200
136 201
136 202
136 203
136 204
136 205
136 206
136 207
136 208
136 209
136 210
136 211
136 212
136 213
136 214
136 215
136 216
136 217
136 218
136 219
136 220
136 221
136 222
136 223
136 224
136 225
136 226
136 227
136 228
136 229
136 230
136 231
136 232
136 233
136 234
136 235
136 236
136 237
136 238
136 239
136 240
136 241
136 242
136 243
136 244
136 245
136 246
136 247
136 248
136 249
136 250
136 251
136 252
136 253
136 254
136 255
136 256
136 257
136 258
136 259
136 260
136 261
136 262
136 263
136 264
136 265
136 266
136 267
136 268
137 138
137 140
137 141
137 142
137 143
137 144
137 145
137 146
137 147
137 151
137 152
137 156
137 157
137 159
137 160
137 161
137 162
137 166
137 167
137 168
137 169
137 170
137 171
137 172
137 173
137 174
137 176
137 178
137 181
137 182
137 183
137 185
137 187
137 189
137 190
137 191
137 192
137 193
137 194
137 196
137 197
137 198
137 199
137 200
137 202
137 203
137 204
137 205
137 206
137 207
137 208
137 209
137 210
137 211
137 212
137 213
137 214
137 215
137 216
137 217
137 218
137 219
137 220
137 221
137 222
137 223
137 224
137 225
137 226
137 227
137 228
137 229
137 230
137 231
137 232
137 233
137 234
137 235
137 236
137 237
137 238
137 239
137 240
137 241
137 242
137 243
137 244
137 245
137 246
137 247
137 248
137 249
137 250
137 251
137 252
137 253
137 254
137 255
137 256
137 257
137 258
137 259
137 260
137 261
137 262
137 263
137 264
137 265
137 266
137 267
137 268
138 140
138 141
138 142
138 143
138 144
138 145
138 146
138 147
138 149
138 151
138 152
138 153
138 154
138 156
138 157
138 159
138 160
138 161
138 162
138 166
138 167
138 168
138 169
138 170
138 171
138 172
138 173
138 174
138 176
138 177
138 178
138 181
138 182
138 183
138 185
138 187
138 189
138 190
138 191
138 192
138 193
138 194
138 196
138 197
138 198
138 199
138 200
138 202
138 203
138 204
138 205
138 206
138 207
138 208
138 209
138 210
138 211
138 212
138 213
138 214
138 215
138 216
138 217
138 218
138 219
138 220
138 221
138 222
138 223
138 224
138 225
138 226
138 227
138 228
138 229
138 230
138 231
138 232
138 233
138 234
138 235
138 236
138 237
138 238
138 239
138 240
138 241
138 242
138 243
138 244
138 245
138 246
138 247
138 248
138 249
138 250
138 251
138 252
138 253
138 254
138 255
138 256
138 257
138 258
138 259
138 260
138 261
138 262
138 263
138 264
138 265
138 266
138 267
138 268
139 156
139 171
139 179
139 190
139 192
139 199
139 202
139 203
139 204
139 205
139 206
139 207
139 208
139 209
139 210
139 211
139 212
139 213
139 214
139 215
139 216
139 217
139 218
139 219
139 220
139 221
139 222
139 223
139 224
139 225
139 226
139 227
139 228
139 229
139 230
139 231
139 232
139 233
139 234
139 235
139 236
139 237
139 238
139 239
139 240
139 241
139 242
139 243
139 244
139 245
139 246
139 247
139 248
139 249
139 250
139 251
139 252
139 253
139 254
139 255
139 256
139 257
139 258
139 259
139 260
139 261
139 262
139 263
139 264
139 265
139 266
139 267
139 268
140 144
140 146
140 151
140 152
140 156
140 157
140 160
140 167
140 168
140 169
140 171
140 172
140 173
140 178
140 181
140 182
140 183
140 190
140 191
140 193
140 194
140 197
140 198
140 199
140 200
140 202
140 203
140 204
140 205
140 206
140 207
140 208
140 209
140 210
140 211
140 212
140 213
140 214
140 215
140 216
140 217
140 218
140 219
140 220
140 221
140 222
140 223
140 224
140 225
140 226
140 227
140 228
140 229
140 230
140 231
140 232
140 233
140 234
140 235
140 236
140 237
140 238
140 239
140 240
140 241
140 242
140 243
140 244
140 245
140 246
140 247
140 248
140 249
140 250
140 251
140 252
140 253
140 254
140 255
140 256
140 257
140 258
140 259
140 260
140 261
140 262
140 263
140 264
140 265
140 266
140 267
140 268
141 144
141 146
141 150
141 151
141 152
141 156
141 157
141 160
141 167
141 168
141 169
141 171
141 172
141 173
141 178
141 179
141 181
141 182
141 183
141 190
141 191
141 192
141 193
141 194
141 197
141 198
141 199
141 200
141 202
141 203
141 204
141 205
141 206
141 207
141 208
141 209
141 210
141 211
141 212
141 213
141 214
141 215
141 216
141 217
141 218
141 219
141 220
141 221
141 222
141 223
141 224
141 225
141 226
141 227
141 228
141 229
141 230
141 231
141 232
141 233
141 234
141 235
141 236
141 237
141 238
141 239
141 240
141 241
141 242
141 243
141 244
141 245
141 246
141 247
141 248
141 249
141 250
141 251
141 252
141 253
141 254
141 255
141 256
141 257
141 258
141 259
141 260
141 261
141 262
141 263
141 264
141 265
141 266
141 267
141 268
142 144
142 150
142 151
142 152
142 156
142 160
142 169
142 171
142 172
142 179
142 181
142 182
142 190
142 192
142 193
142 194
142 199
142 200
142 202
142 203
142 204
142 205
142 206
142 207
142 208
142 209
142 210
142 211
142 212
142 213
142 214
142 215
142 216
142 217
142 218
142 219
142 220
142 221
142 222
142 223
142 224
142 225
142 226
142 227
142 228
142 229
142 230
142 231
142 232
142 233
142 234
142 235
142 236
142 237
142 238
142 239
142 240
142 241
142 242
142 243
142 244
142 245
142 246
142 247
142 248
142 249
142 250
142 251
142 252
142 253
142 254
142 255
142 256
142 257
142 258
142 259
142 260
142 261
142 262
142 263
142 264
142 265
142 266
142 267
142 268
143 144
143 151
143 152
143 156
143 160
143 169
143 171
143 172
143 181
143 182
143 190
143 193
143 194
143 199
143 200
143 202
143 203
143 204
143 205
143 206
143 207
143 208
143 209
143 210
143 211
143 212
143 213
143 214
143 215
143 216
143 217
143 218
143 219
143 220
143 221
143 222
143 223
143 224
143 225
143 226
143 227
143 228
143 229
143 230
143 231
143 232
143 233
143 234
143 235
143 236
143 237
143 238
143 239
143 240
143 241
143 242
143 243
143 244
143 245
143 246
143 247
143 248
143 249
143 250
143 251
143 252
143 253
143 254
143 255
143 256
143 257
143 258
143 259
143 260
143 261
143 262
143 263
143 264
143 265
143 266
143 267
143 268
144 145
144 146
144 147
144 149
144 150
144 151
144 152
144 153
144 154
144 156
144 157
144 159
144 160
144 161
144 162
144 166
144 167
144 168
144 169
144 170
144 171
144 172
144 173
144 174
144 176
144 177
144 178
144 181
144 182
144 183
144 185
144 187
144 189
144 190
144 191
144 192
144 193
144 194
144 195
144 196
144 197
144 198
144 199
144 200
144 202
144 203
144 204
144 205
144 206
144 207
144 208
144 209
144 210
144 211
144 212
144 213
144 214
144 215
144 216
144 217
144 218
144 219
144 220
144 221
144 222
144 223
144 224
144 225
144 226
144 227
144 228
144 229
144 230
144 231
144 232
144 233
144 234
144 235
144 236
144 237
144 238
144 239
144 240
144 241
144 242
144 243
144 244
144 245
144 246
144 247
144 248
144 249
144 250
144 251
144 252
144 253
144 254
144 255
144 256
144 257
144 258
144 259
144 260
144 261
144 262
144 263
144 264
144 265
144 266
144 267
144 268
145 146
145 151
145 152
145 156
145 160
145 169
145 171
145 172
145 179
145 181
145 182
145 190
145 191
145 192
145 193
145 194
145 197
145 198
145 199
145 200
145 202
145 203
145 204
145 205
145 206
145 207
145 208
145 209
145 210
145 211
145 212
145 213
145 214
145 215
145 216
145 217
145 218
145 219
145 220
145 221
145 222
145 223
145 224
145 225
145 226
145 227
145 228
145 229
145 230
145 231
145 232
145 233
145 234
145 235
145 236
145 237
145 238
145 239
145 240
145 241
145 242
145 243
145 244
145 245
145 246
145 247
145 248
145 249
145 250
145 251
145 252
145 253
145 254
145 255
145 256
145 257
145 258
145 259
145 260
145 261
145 262
145 263
145 264
145 265
145 266
145 267
145 268
146 147
146 151
146 152
146 156
146 157
146 159
146 160
146 161
146 162
146 166
146 167
146 168
146 169
146 170
146 171
146 172
146 173
146 174
146 176
146 178
146 181
146 182
146 183
146 185
146 187
146 189
146 190
146 191
146 192
146 193
146 194
146 196
146 197
146 198
146 199
146 200
146 202
146 203
146 204
146 205
146 206
146 207
146 208
146 209
146 210
146 211
146 212
146 213
146 214
146 215
146 216
146 217
146 218
146 219
146 220
146 221
146 222
146 223
146 224
146 225
146 226
146 227
146 228
146 229
146 230
146 231
146 232
146 233
146 234
146 235
146 236
146 237
146 238
146 239
146 240
146 241
146 242
146 243
146 244
146 245
146 246
146 247
146 248
146 249
146 250
146 251
146 252
146 253
146 254
146 255
146 256
146 257
146 258
146 259
146 260
146 261
146 262
146 263
146 264
146 265
146 266
146 267
146 268
147 151
147 152
147 156
147 157
147 160
147 167
147 168
147 169
147 170
147 171
147 172
147 173
147 174
147 178
147 181
147 182
147 183
147 185
147 190
147 191
147 193
147 194
147 196
147 197
147 198
147 199
147 200
147 202
147 203
147 204
147 205
147 206
147 207
147 208
147 209
147 210
147 211
147 212
147 213
147 214
147 215
147 216
147 217
147 218
147 219
147 220
147 221
147 222
147 223
147 224
147 225
147 226
147 227
147 228
147 229
147 230
147 231
147 232
147 233
147 234
147 235
147 236
147 237
147 238
147 239
147 240
147 241
147 242
147 243
147 244
147 245
147 246
147 247
147 248
147 249
147 250
147 251
147 252
147 253
147 254
147 255
147 256
147 257
147 258
147 259
147 260
147 261
147 262
147 263
147 264
147 265
147 266
147 267
147 268
148 150
148 156
148 171
148 179
148 190
148 192
148 194
148 199
148 202
148 203
148 204
148 205
148 206
148 207
148 208
148 209
148 210
148 211
148 212
148 213
148 214
148 215
148 216
148 217
148 218
148 219
148 220
148 221
148 222
148 223
148 224
148 225
148 226
148 227
148 228
148 229
148 230
148 231
148 232
148 233
148 234
148 235
148 236
148 237
148 238
148 239
148 240
148 241
148 242
148 243
148 244
148 245
148 246
148 247
148 248
148 249
148 250
148 251
148 252
148 253
148 254
148 255
148 256
148 257
148 258
148 259
148 260
148 261
148 262
148 263
148 264
148 265
148 266
148 267
148 268
149 151
149 152
149 156
149 160
149 169
149 171
149 172
149 181
149 182
149 190
149 193
149 194
149 199
149 200
149 202
149 203
149 204
149 205
149 206
149 207
149 208
149 209
149 210
149 211
149 212
149 213
149 214
149 215
149 216
149 217
149 218
149 219
149 220
149 221
149 222
149 223
149 224
149 225
149 226
149 227
149 228
149 229
149 230
149 231
149 232
149 233
149 234
149 235
149 236
149 237
149 238
149 239
149 240
149 241
149 242
149 243
149 244
149 245
149 246
149 247
149 248
149 249
149 250
149 251
149 252
149 253
149 254
149 255
149 256
149 257
149 258
149 259
149 260
149 261
149 262
149 263
149 264
149 265
149 266
149 267
149 268
150 151
150 152
150 155
150 156
150 160
150 163
150 166
150 167
150 169
150 171
150 172
150 175
150 178
150 179
150 181
150 182
150 183
150 184
150 188
150 190
150 191
150 192
150 193
150 194
150 198
150 199
150 200
150 202
150 203
150 204
150 205
150 206
150 207
150 208
150 209
150 210
150 211
150 212
150 213
150 214
150 215
150 216
150 217
150 218
150 219
150 220
150 221
150 222
150 223
150 224
150 225
150 226
150 227
150 228
150 229
150 230
150 231
150 232
150 233
150 234
150 235
150 236
150 237
150 238
150 239
150 240
150 241
150 242
150 243
150 244
150 245
150 246
150 247
150 248
150 249
150 250
150 251
150 252
150 253
150 254
150 255
150 256
150 257
150 258
150 259
150 260
150 261
150 262
150 263
150 264
150 265
150 266
150 267
150 268
151 152
151 153
151 154
151 155
151 156
151 157
151 159
151 160
151 161
151 162
151 166
151 167
151 168
151 169
151 170
151 171
151 172
151 173
151 174
151 176
151 177
151 178
151 179
151 181
151 182
151 183
151 185
151 187
151 189
151 190
151 191
151 192
151 193
151 194
151 195
151 196
151 197
151 198
151 199
151 200
151 201
151 202
151 203
151 204
151 205
151 206
151 207
151 208
151 209
151 210
151 211
151 212
151 213
151 214
151 215
151 216
151 217
151 218
151 219
151 220
151 221
151 222
151 223
151 224
151 225
151 226
151 227
151 228
151 229
151 230
151 231
151 232
151 233
151 234
151 235
151 236
151 237
151 238
151 239
151 240
151 241
151 242
151 243
151 244
151 245
151 246
151 247
151 248
151 249
151 250
151 251
151 252
151 253
151 254
151 255
151 256
151 257
151 258
151 259
151 260
151 261
151 262
151 263
151 264
151 265
151 266
151 267
151 268
152 153
152 154
152 155
152 156
152 157
152 159
152 160
152 161
152 162
152 164
152 165
152 166
152 167
152 168
152 169
152 170
152 171
152 172
152 173
152 174
152 175
152 176
152 177
152 178
152 179
152 181
152 182
152 183
152 185
152 187
152 189
152 190
152 191
152 192
152 193
152 194
152 195
152 196
152 197
152 198
152 199
152 200
152 201
152 202
152 203
152 204
152 205
152 206
152 207
152 208
152 209
152 210
152 211
152 212
152 213
152 214
152 215
152 216
152 217
152 218
152 219
152 220
152 221
152 222
152 223
152 224
152 225
152 226
152 227
152 228
152 229
152 230
152 231
152 232
152 233
152 234
152 235
152 236
152 237
152 238
152 239
152 240
152 241
152 242
152 243
152 244
152 245
152 246
152 247
152 248
152 249
152 250
152 251
152 252
152 253
152 254
152 255
152 256
152 257
152 258
152 259
152 260
152 261
152 262
152 263
152 264
152 265
152 266
152 267
152 268
153 156
153 169
153 171
153 181
153 182
153 190
153 192
153 193
153 194
153 199
153 200
153 202
153 203
153 204
153 205
153 206
153 207
153 208
153 209
153 210
153 211
153 212
153 213
153 214
153 215
153 216
153 217
153 218
153 219
153 220
153 221
153 222
153 223
153 224
153 225
153 226
153 227
153 228
153 229
153 230
153 231
153 232
153 233
153 234
153 235
153 236
153 237
153 238
153 239
153 240
153 241
153 242
153 243
153 244
153 245
153 246
153 247
153 248
153 249
153 250
153 251
153 252
153 253
153 254
153 255
153 256
153 257
153 258
153 259
153 260
153 261
153 262
153 263
153 264
153 265
153 266
153 267
153 268
154 156
154 169
154 171
154 179
154 181
154 182
154 190
154 192
154 193
154 194
154 199
154 200
154 202
154 203
154 204
154 205
154 206
154 207
154 208
154 209
154 210
154 211
154 212
154 213
154 214
154 215
154 216
154 217
154 218
154 219
154 220
154 221
154 222
154 223
154 224
154 225
154 226
154 227
154 228
154 229
154 230
154 231
154 232
154 233
154 234
154 235
154 236
154 237
154 238
154 239
154 240
154 241
154 242
154 243
154 244
154 245
154 246
154 247
154 248
154 249
154 250
154 251
154 252
154 253
154 254
154 255
154 256
154 257
154 258
154 259
154 260
154 261
154 262
154 263
154 264
154 265
154 266
154 267
154 268
155 156
155 171
155 179
155 182
155 190
155 192
155 194
155 199
155 200
155 202
155 203
155 204
155 205
155 206
155 207
155 208
155 209
155 210
155 211
155 212
155 213
155 214
155 215
155 216
155 217
155 218
155 219
155 220
155 221
155 222
155 223
155 224
155 225
155 226
155 227
155 228
155 229
155 230
155 231
155 232
155 233
155 234
155 235
155 236
155 237
155 238
155 239
155 240
155 241
155 242
155 243
155 244
155 245
155 246
155 247
155 248
155 249
155 250
155 251
155 252
155 253
155 254
155 255
155 256
155 257
155 258
155 259
155 260
155 261
155 262
155 263
155 264
155 265
155 266
155 267
155 268
156 157
156 159
156 160
156 161
156 162
156 163
156 166
156 167
156 168
156 169
156 170
156 171
156 172
156 173
156 174
156 175
156 176
156 177
156 178
156 179
156 181
156 182
156 183
156 184
156 185
156 187
156 188
156 189
156 190
156 191
156 192
156 193
156 194
156 195
156 196
156 197
156 198
156 199
156 200
156 201
156 202
156 203
156 204
156 205
156 206
156 207
156 208
156 209
156 210
156 211
156 212
156 213
156 214
156 215
156 216
156 217
156 218
156 219
156 220
156 221
156 222
156 223
156 224
156 225
156 226
156 227
156 228
156 229
156 230
156 231
156 232
156 233
156 234
156 235
156 236
156 237
156 238
156 239
156 240
156 241
156 242
156 243
156 244
156 245
156 246
156 247
156 248
156 249
156 250
156 251
156 252
156 253
156 254
156 255
156 256
156 257
156 258
156 259
156 260
156 261
156 262
156 263
156 264
156 265
156 266
156 267
156 268
157 159
157 160
157 166
157 167
157 168
157 169
157 170
157 171
157 172
157 173
157 174
157 176
157 178
157 181
157 182
157 183
157 185
157 189
157 190
157 191
157 192
157 193
157 194
157 196
157 197
157 198
157 199
157 200
157 202
157 203
157 204
157 205
157 206
157 207
157 208
157 209
157 210
157 211
157 212
157 213
157 214
157 215
157 216
157 217
157 218
157 219
157 220
157 221
157 222
157 223
157 224
157 225
157 226
157 227
157 228
157 229
157 230
157 231
157 232
157 233
157 234
157 235
157 236
157 237
157 238
157 239
157 240
157 241
157 242
157 243
157 244
157 245
157 246
157 247
157 248
157 249
157 250
157 251
157 252
157 253
157 254
157 255
157 256
157 257
157 258
157 259
157 260
157 261
157 262
157 263
157 264
157 265
157 266
157 267
157 268
158 171
158 202
158 203
158 204
158 205
158 206
158 207
158 208
158 209
158 210
158 211
158 212
158 213
158 214
158 215
158 216
158 217
158 218
158 219
158 220
158 221
158 222
158 223
158 224
158 225
158 226
158 227
158 228
158 229
158 230
158 231
158 232
158 233
158 234
158 235
158 236
158 237
158 238
158 239
158 240
158 241
158 242
158 243
158 244
158 245
158 246
158 247
158 248
158 249
158 250
158 251
158 252
158 253
158 254
158 255
158 256
158 257
158 258
158 259
158 260
158 261
158 262
158 263
158 264
158 265
158 266
158 267
158 268
159 160
159 168
159 169
159 171
159 172
159 173
159 181
159 182
159 183
159 190
159 191
159 193
159 194
159 197
159 198
159 199
159 200
159 202
159 203
159 204
159 205
159 206
159 207
159 208
159 209
159 210
159 211
159 212
159 213
159 214
159 215
159 216
159 217
159 218
159 219
159 220
159 221
159 222
159 223
159 224
159 225
159 226
159 227
159 228
159 229
159 230
159 231
159 232
159 233
159 234
159 235
159 236
159 237
159 238
159 239
159 240
159 241
159 242
159 243
159 244
159 245
159 246
159 247
159 248
159 249
159 250
159 251
159 252
159 253
159 254
159 255
159 256
159 257
159 258
159 259
159 260
159 261
159 262
159 263
159 264
159 265
159 266
159 267
159 268
160 161
160 162
160 166
160 167
160 168
160 169
160 170
160 171
160 172
160 173
160 174
160 176
160 178
160 179
160 181
160 182
160 183
160 185
160 187
160 189
160 190
160 191
160 192
160 193
160 194
160 196
160 197
160 198
160 199
160 200
160 202
160 203
160 204
160 205
160 206
160 207
160 208
160 209
160 210
160 211
160 212
160 213
160 214
160 215
160 216
160 217
160 218
160 219
160 220
160 221
160 222
160 223
160 224
160 225
160 226
160 227
160 228
160 229
160 230
160 231
160 232
160 233
160 234
160 235
160 236
160 237
160 238
160 239
160 240
160 241
160 242
160 243
160 244
160 245
160 246
160 247
160 248
160 249
160 250
160 251
160 252
160 253
160 254
160 255
160 256
160 257
160 258
160 259
160 260
160 261
160 262
160 263
160 264
160 265
160 266
160 267
160 268
161 169
161 171
161 172
161 181
161 182
161 190
161 193
161 194
161 199
161 200
161 202
161 203
161 204
161 205
161 206
161 207
161 208
161 209
161 210
161 211
161 212
161 213
161 214
161 215
161 216
161 217
161 218
161 219
161 220
161 221
161 222
161 223
161 224
161 225
161 226
161 227
161 228
161 229
161 230
161 231
161 232
161 233
161 234
161 235
161 236
161 237
161 238
161 239
161 240
161 241
161 242
161 243
161 244
161 245
161 246
161 247
161 248
161 249
161 250
161 251
161 252
161 253
161 254
161 255
161 256
161 257
161 258
161 259
161 260
161 261
161 262
161 263
161 264
161 265
161 266
161 267
161 268
162 169
162 171
162 172
162 179
162 181
162 182
162 190
162 191
162 192
162 193
162 194
162 199
162 200
162 202
162 203
162 204
162 205
162 206
162 207
162 208
162 209
162 210
162 211
162 212
162 213
162 214
162 215
162 216
162 217
162 218
162 219
162 220
162 221
162 222
162 223
162 224
162 225
162 226
162 227
162 228
162 229
162 230
162 231
162 232
162 233
162 234
162 235
162 236
162 237
162 238
162 239
162 240
162 241
162 242
162 243
162 244
162 245
162 246
162 247
162 248
162 249
162 250
162 251
162 252
162 253
162 254
162 255
162 256
162 257
162 258
162 259
162 260
162 261
162 262
162 263
162 264
162 265
162 266
162 267
162 268
163 171
163 179
163 190
163 192
163 194
163 199
163 200
163 202
163 203
163 204
163 205
163 206
163 207
163 208
163 209
163 210
163 211
163 212
163 213
163 214
163 215
163 216
163 217
163 218
163 219
163 220
163 221
163 222
163 223
163 224
163 225
163 226
163 227
163 228
163 229
163 230
163 231
163 232
163 233
163 234
163 235
163 236
163 237
163 238
163 239
163 240
163 241
163 242
163 243
163 244
163 245
163 246
163 247
163 248
163 249
163 250
163 251
163 252
163 253
163 254
163 255
163 256
163 257
163 258
163 259
163 260
163 261
163 262
163 263
163 264
163 265
163 266
163 267
163 268
164 171
164 182
164 190
164 194
164 199
164 200
164 202
164 203
164 204
164 205
164 206
164 207
164 208
164 209
164 210
164 211
164 212
164 213
164 214
164 215
164 216
164 217
164 218
164 219
164 220
164 221
164 222
164 223
164 224
164 225
164 226
164 227
164 228
164 229
164 230
164 231
164 232
164 233
164 234
164 235
164 236
164 237
164 238
164 239
164 240
164 241
164 242
164 243
164 244
164 245
164 246
164 247
164 248
164 249
164 250
164 251
164 252
164 253
164 254
164 255
164 256
164 257
164 258
164 259
164 260
164 261
164 262
164 263
164 264
164 265
164 266
164 267
164 268
165 171
165 182
165 190
165 194
165 199
165 200
165 202
165 203
165 204
165 205
165 206
165 207
165 208
165 209
165 210
165 211
165 212
165 213
165 214
165 215
165 216
165 217
165 218
165 219
165 220
165 221
165 222
165 223
165 224
165 225
165 226
165 227
165 228
165 229
165 230
165 231
165 232
165 233
165 234
165 235
165 236
165 237
165 238
165 239
165 240
165 241
165 242
165 243
165 244
165 245
165 246
165 247
165 248
165 249
165 250
165 251
165 252
165 253
165 254
165 255
165 256
165 257
165 258
165 259
165 260
165 261
165 262
165 263
165 264
165 265
165 266
165 267
165 268
166 167
166 168
166 169
166 170
166 171
166 172
166 173
166 174
166 178
166 179
166 181
166 182
166 183
166 185
166 190
166 191
166 192
166 193
166 194
166 196
166 197
166 198
166 199
166 200
166 202
166 203
166 204
166 205
166 206
166 207
166 208
166 209
166 210
166 211
166 212
166 213
166 214
166 215
166 216
166 217
166 218
166 219
166 220
166 221
166 222
166 223
166 224
166 225
166 226
166 227
166 228
166 229
166 230
166 231
166 232
166 233
166 234
166 235
166 236
166 237
166 238
166 239
166 240
166 241
166 242
166 243
166 244
166 245
166 246
166 247
166 248
166 249
166 250
166 251
166 252
166 253
166 254
166 255
166 256
166 257
166 258
166 259
166 260
166 261
166 262
166 263
166 264
166 265
166 266
166 267
166 268
167 168
167 169
167 170
167 171
167 172
167 173
167 174
167 176
167 178
167 179
167 181
167 182
167 183
167 185
167 189
167 190
167 191
167 192
167 193
167 194
167 196
167 197
167 198
167 199
167 200
167 202
167 203
167 204
167 205
167 206
167 207
167 208
167 209
167 210
167 211
167 212
167 213
167 214
167 215
167 216
167 217
167 218
167 219
167 220
167 221
167 222
167 223
167 224
167 225
167 226
167 227
167 228
167 229
167 230
167 231
167 232
167 233
167 234
167 235
167 236
167 237
167 238
167 239
167 240
167 241
167 242
167 243
167 244
167 245
167 246
167 247
167 248
167 249
167 250
167 251
167 252
167 253
167 254
167 255
167 256
167 257
167 258
167 259
167 260
167 261
167 262
167 263
167 264
167 265
167 266
167 267
167 268
168 169
168 170
168 171
168 172
168 173
168 174
168 176
168 178
168 181
168 182
168 183
168 185
168 189
168 190
168 191
168 193
168 194
168 196
168 197
168 198
168 199
168 200
168 202
168 203
168 204
168 205
168 206
168 207
168 208
168 209
168 210
168 211
168 212
168 213
168 214
168 215
168 216
168 217
168 218
168 219
168 220
168 221
168 222
168 223
168 224
168 225
168 226
168 227
168 228
168 229
168 230
168 231
168 232
168 233
168 234
168 235
168 236
168 237
168 238
168 239
168 240
168 241
168 242
168 243
168 244
168 245
168 246
168 247
168 248
168 249
168 250
168 251
168 252
168 253
168 254
168 255
168 256
168 257
168 258
168 259
168 260
168 261
168 262
168 263
168 264
168 265
168 266
168 267
168 268
169 170
169 171
169 172
169 173
169 174
169 176
169 177
169 178
169 179
169 181
169 182
169 183
169 185
169 187
169 189
169 190
169 191
169 192
169 193
169 194
169 196
169 197
169 198
169 199
169 200
169 202
169 203
169 204
169 205
169 206
169 207
169 208
169 209
169 210
169 211
169 212
169 213
169 214
169 215
169 216
169 217
169 218
169 219
169 220
169 221
169 222
169 223
169 224
169 225
169 226
169 227
169 228
169 229
169 230
169 231
169 232
169 233
169 234
169 235
169 236
169 237
169 238
169 239
169 240
169 241
169 242
169 243
169 244
169 245
169 246
169 247
169 248
169 249
169 250
169 251
169 252
169 253
169 254
169 255
169 256
169 257
169 258
169 259
169 260
169 261
169 262
169 263
169 264
169 265
169 266
169 267
169 268
170 171
170 172
170 173
170 178
170 181
170 182
170 183
170 185
170 190
170 191
170 193
170 194
170 196
170 197
170 198
170 199
170 200
170 202
170 203
170 204
170 205
170 206
170 207
170 208
170 209
170 210
170 211
170 212
170 213
170 214
170 215
170 216
170 217
170 218
170 219
170 220
170 221
170 222
170 223
170 224
170 225
170 226
170 227
170 228
170 229
170 230
170 231
170 232
170 233
170 234
170 235
170 236
170 237
170 238
170 239
170 240
170 241
170 242
170 243
170 244
170 245
170 246
170 247
170 248
170 249
170 250
170 251
170 252
170 253
170 254
170 255
170 256
170 257
170 258
170 259
170 260
170 261
170 262
170 263
170 264
170 265
170 266
170 267
170 268
171 172
171 173
171 174
171 175
171 176
171 177
171 178
171 179
171 181
171 182
171 183
171 184
171 185
171 186
171 187
171 188
171 189
171 190
171 191
171 192
171 193
171 194
171 195
171 196
171 197
171 198
171 199
171 200
171 201
171 202
171 203
171 204
171 205
171 206
171 207
171 208
171 209
171 210
171 211
171 212
171 213
171 214
171 215
171 216
171 217
171 218
171 219
171 220
171 221
171 222
171 223
171 224
171 225
171 226
171 227
171 228
171 229
171 230
171 231
171 232
171 233
171 234
171 235
171 236
171 237
171 238
171 239
171 240
171 241
171 242
171 243
171 244
171 245
171 246
171 247
171 248
171 249
171 250
171 251
171 252
171 253
171 254
171 255
171 256
171 257
171 258
171 259
171 260
171 261
171 262
171 263
171 264
171 265
171 266
171 267
171 268
172 173
172 174
172 176
172 177
172 178
172 179
172 181
172 182
172 183
172 185
172 187
172 189
172 190
172 191
172 192
172 193
172 194
172 196
172 197
172 198
172 199
172 200
172 202
172 203
172 204
172 205
172 206
172 207
172 208
172 209
172 210
172 211
172 212
172 213
172 214
172 215
172 216
172 217
172 218
172 219
172 220
172 221
172 222
172 223
172 224
172 225
172 226
172 227
172 228
172 229
172 230
172 231
172 232
172 233
172 234
172 235
172 236
172 237
172 238
172 239
172 240
172 241
172 242
172 243
172 244
172 245
172 246
172 247
172 248
172 249
172 250
172 251
172 252
172 253
172 254
172 255
172 256
172 257
172 258
172 259
172 260
172 261
172 262
172 263
172 264
172 265
172 266
172 267
172 268
173 174
173 176
173 178
173 181
173 182
173 183
173 185
173 189
173 190
173 191
173 193
173 194
173 196
173 197
173 198
173 199
173 200
173 202
173 203
173 204
173 205
173 206
173 207
173 208
173 209
173 210
173 211
173 212
173 213
173 214
173 215
173 216
173 217
173 218
173 219
173 220
173 221
173 222
173 223
173 224
173 225
173 226
173 227
173 228
173 229
173 230
173 231
173 232
173 233
173 234
173 235
173 236
173 237
173 238
173 239
173 240
173 241
173 242
173 243
173 244
173 245
173 246
173 247
173 248
173 249
173 250
173 251
173 252
173 253
173 254
173 255
173 256
173 257
173 258
173 259
173 260
173 261
173 262
173 263
173 264
173 265
173 266
173 267
173 268
174 178
174 181
174 182
174 183
174 190
174 191
174 193
174 194
174 196
174 197
174 198
174 199
174 200
174 202
174 203
174 204
174 205
174 206
174 207
174 208
174 209
174 210
174 211
174 212
174 213
174 214
174 215
174 216
174 217
174 218
174 219
174 220
174 221
174 222
174 223
174 224
174 225
174 226
174 227
174 228
174 229
174 230
174 231
174 232
174 233
174 234
174 235
174 236
174 237
174 238
174 239
174 240
174 241
174 242
174 243
174 244
174 245
174 246
174 247
174 248
174 249
174 250
174 251
174 252
174 253
174 254
174 255
174 256
174 257
174 258
174 259
174 260
174 261
174 262
174 263
174 264
174 265
174 266
174 267
174 268
175 179
175 182
175 190
175 192
175 194
175 199
175 200
175 202
175 203
175 204
175 205
175 206
175 207
175 208
175 209
175 210
175 211
175 212
175 213
175 214
175 215
175 216
175 217
175 218
175 219
175 220
175 221
175 222
175 223
175 224
175 225
175 226
175 227
175 228
175 229
175 230
175 231
175 232
175 233
175 234
175 235
175 236
175 237
175 238
175 239
175 240
175 241
175 242
175 243
175 244
175 245
175 246
175 247
175 248
175 249
175 250
175 251
175 252
175 253
175 254
175 255
175 256
175 257
175 258
175 259
175 260
175 261
175 262
175 263
175 264
175 265
175 266
175 267
175 268
176 181
176 182
176 183
176 190
176 191
176 193
176 194
176 197
176 198
176 199
176 200
176 202
176 203
176 204
176 205
176 206
176 207
176 208
176 209
176 210
176 211
176 212
176 213
176 214
176 215
176 216
176 217
176 218
176 219
176 220
176 221
176 222
176 223
176 224
176 225
176 226
176 227
176 228
176 229
176 230
176 231
176 232
176 233
176 234
176 235
176 236
176 237
176 238
176 239
176 240
176 241
176 242
176 243
176 244
176 245
176 246
176 247
176 248
176 249
176 250
176 251
176 252
176 253
176 254
176 255
176 256
176 257
176 258
176 259
176 260
176 261
176 262
176 263
176 264
176 265
176 266
176 267
176 268
177 179
177 181
177 182
177 190
177 192
177 193
177 194
177 199
177 200
177 202
177 203
177 204
177 205
177 206
177 207
177 208
177 209
177 210
177 211
177 212
177 213
177 214
177 215
177 216
177 217
177 218
177 219
177 220
177 221
177 222
177 223
177 224
177 225
177 226
177 227
177 228
177 229
177 230
177 231
177 232
177 233
177 234
177 235
177 236
177 237
177 238
177 239
177 240
177 241
177 242
177 243
177 244
177 245
177 246
177 247
177 248
177 249
177 250
177 251
177 252
177 253
177 254
177 255
177 256
177 257
177 258
177 259
177 260
177 261
177 262
177 263
177 264
177 265
177 266
177 267
177 268
178 179
178 181
178 182
178 183
178 185
178 189
178 190
178 191
178 192
178 193
178 194
178 196
178 197
178 198
178 199
178 200
178 202
178 203
178 204
178 205
178 206
178 207
178 208
178 209
178 210
178 211
178 212
178 213
178 214
178 215
178 216
178 217
178 218
178 219
178 220
178 221
178 222
178 223
178 224
178 225
178 226
178 227
178 228
178 229
178 230
178 231
178 232
178 233
178 234
178 235
178 236
178 237
178 238
178 239
178 240
178 241
178 242
178 243
178 244
178 245
178 246
178 247
178 248
178 249
178 250
178 251
178 252
178 253
178 254
178 255
178 256
178 257
178 258
178 259
178 260
178 261
178 262
178 263
178 264
178 265
178 266
178 267
178 268
179 181
179 182
179 183
179 184
179 187
179 188
179 190
179 191
179 192
179 193
179 194
179 198
179 199
179 200
179 201
179 202
179 203
179 204
179 205
179 206
179 207
179 208
179 209
179 210
179 211
179 212
179 213
179 214
179 215
179 216
179 217
179 218
179 219
179 220
179 221
179 222
179 223
179 224
179 225
179 226
179 227
179 228
179 229
179 230
179 231
179 232
179 233
179 234
179 235
179 236
179 237
179 238
179 239
179 240
179 241
179 242
179 243
179 244
179 245
179 246
179 247
179 248
179 249
179 250
179 251
179 252
179 253
179 254
179 255
179 256
179 257
179 258
179 259
179 260
179 261
179 262
179 263
179 264
179 265
179 266
179 267
179 268
180 190
180 202
180 203
180 204
180 205
180 206
180 207
180 208
180 209
180 210
180 211
180 212
180 213
180 214
180 215
180 216
180 217
180 218
180 219
180 220
180 221
180 222
180 223
180 224
180 225
180 226
180 227
180 228
180 229
180 230
180 231
180 232
180 233
180 234
180 235
180 236
180 237
180 238
180 239
180 240
180 241
180 242
180 243
180 244
180 245
180 246
180 247
180 248
180 249
180 250
180 251
180 252
180 253
180 254
180 255
180 256
180 257
180 258
180 259
180 260
180 261
180 262
180 263
180 264
180 265
180 266
180 267
180 268
181 182
181 183
181 185
181 187
181 189
181 190
181 191
181 192
181 193
181 194
181 195
181 196
181 197
181 198
181 199
181 200
181 202
181 203
181 204
181 205
181 206
181 207
181 208
181 209
181 210
181 211
181 212
181 213
181 214
181 215
181 216
181 217
181 218
181 219
181 220
181 221
181 222
181 223
181 224
181 225
181 226
181 227
181 228
181 229
181 230
181 231
181 232
181 233
181 234
181 235
181 236
181 237
181 238
181 239
181 240
181 241
181 242
181 243
181 244
181 245
181 246
181 247
181 248
181 249
181 250
181 251
181 252
181 253
181 254
181 255
181 256
181 257
181 258
181 259
181 260
181 261
181 262
181 263
181 264
181 265
181 266
181 267
181 268
182 183
182 185
182 186
182 187
182 188
182 189
182 190
182 191
182 192
182 193
182 194
182 195
182 196
182 197
182 198
182 199
182 200
182 201
182 202
182 203
182 204
182 205
182 206
182 207
182 208
182 209
182 210
182 211
182 212
182 213
182 214
182 215
182 216
182 217
182 218
182 219
182 220
182 221
182 222
182 223
182 224
182 225
182 226
182 227
182 228
182 229
182 230
182 231
182 232
182 233
182 234
182 235
182 236
182 237
182 238
182 239
182 240
182 241
182 242
182 243
182 244
182 245
182 246
182 247
182 248
182 249
182 250
182 251
182 252
182 253
182 254
182 255
182 256
182 257
182 258
182 259
182 260
182 261
182 262
182 263
182 264
182 265
182 266
182 267
182 268
183 185
183 187
183 189
183 190
183 191
183 192
183 193
183 194
183 196
183 197
183 198
183 199
183 200
183 202
183 203
183 204
183 205
183 206
183 207
183 208
183 209
183 210
183 211
183 212
183 213
183 214
183 215
183 216
183 217
183 218
183 219
183 220
183 221
183 222
183 223
183 224
183 225
183 226
183 227
183 228
183 229
183 230
183 231
183 232
183 233
183 234
183 235
183 236
183 237
183 238
183 239
183 240
183 241
183 242
183 243
183 244
183 245
183 246
183 247
183 248
183 249
183 250
183 251
183 252
183 253
183 254
183 255
183 256
183 257
183 258
183 259
183 260
183 261
183 262
183 263
183 264
183 265
183 266
183 267
183 268
184 190
184 192
184 199
184 200
184 202
184 203
184 204
184 205
184 206
184 207
184 208
184 209
184 210
184 211
184 212
184 213
184 214
184 215
184 216
184 217
184 218
184 219
184 220
184 221
184 222
184 223
184 224
184 225
184 226
184 227
184 228
184 229
184 230
184 231
184 232
184 233
184 234
184 235
184 236
184 237
184 238
184 239
184 240
184 241
184 242
184 243
184 244
184 245
184 246
184 247
184 248
184 249
184 250
184 251
184 252
184 253
184 254
184 255
184 256
184 257
184 258
184 259
184 260
184 261
184 262
184 263
184 264
184 265
184 266
184 267
184 268
185 190
185 191
185 193
185 194
185 196
185 197
185 198
185 199
185 200
185 202
185 203
185 204
185 205
185 206
185 207
185 208
185 209
185 210
185 211
185 212
185 213
185 214
185 215
185 216
185 217
185 218
185 219
185 220
185 221
185 222
185 223
185 224
185 225
185 226
185 227
185 228
185 229
185 230
185 231
185 232
185 233
185 234
185 235
185 236
185 237
185 238
185 239
185 240
185 241
185 242
185 243
185 244
185 245
185 246
185 247
185 248
185 249
185 250
185 251
185 252
185 253
185 254
185 255
185 256
185 257
185 258
185 259
185 260
185 261
185 262
185 263
185 264
185 265
185 266
185 267
185 268
186 190
186 194
186 199
186 200
186 202
186 203
186 204
186 205
186 206
186 207
186 208
186 209
186 210
186 211
186 212
186 213
186 214
186 215
186 216
186 217
186 218
186 219
186 220
186 221
186 222
186 223
186 224
186 225
186 226
186 227
186 228
186 229
186 230
186 231
186 232
186 233
186 234
186 235
186 236
186 237
186 238
186 239
186 240
186 241
186 242
186 243
186 244
186 245
186 246
186 247
186 248
186 249
186 250
186 251
186 252
186 253
186 254
186 255
186 256
186 257
186 258
186 259
186 260
186 261
186 262
186 263
186 264
186 265
186 266
186 267
186 268
187 190
187 191
187 192
187 193
187 194
187 197
187 199
187 200
187 202
187 203
187 204
187 205
187 206
187 207
187 208
187 209
187 210
187 211
187 212
187 213
187 214
187 215
187 216
187 217
187 218
187 219
187 220
187 221
187 222
187 223
187 224
187 225
187 226
187 227
187 228
187 229
187 230
187 231
187 232
187 233
187 234
187 235
187 236
187 237
187 238
187 239
187 240
187 241
187 242
187 243
187 244
187 245
187 246
187 247
187 248
187 249
187 250
187 251
187 252
187 253
187 254
187 255
187 256
187 257
187 258
187 259
187 260
187 261
187 262
187 263
187 264
187 265
187 266
187 267
187 268
188 190
188 192
188 194
188 199
188 200
188 202
188 203
188 204
188 205
188 206
188 207
188 208
188 209
188 210
188 211
188 212
188 213
188 214
188 215
188 216
188 217
188 218
188 219
188 220
188 221
188 222
188 223
188 224
188 225
188 226
188 227
188 228
188 229
188 230
188 231
188 232
188 233
188 234
188 235
188 236
188 237
188 238
188 239
188 240
188 241
188 242
188 243
188 244
188 245
188 246
188 247
188 248
188 249
188 250
188 251
188 252
188 253
188 254
188 255
188 256
188 257
188 258
188 259
188 260
188 261
188 262
188 263
188 264
188 265
188 266
188 267
188 268
189 190
189 191
189 193
189 194
189 196
189 197
189 198
189 199
189 200
189 202
189 203
189 204
189 205
189 206
189 207
189 208
189 209
189 210
189 211
189 212
189 213
189 214
189 215
189 216
189 217
189 218
189 219
189 220
189 221
189 222
189 223
189 224
189 225
189 226
189 227
189 228
189 229
189 230
189 231
189 232
189 233
189 234
189 235
189 236
189 237
189 238
189 239
189 240
189 241
189 242
189 243
189 244
189 245
189 246
189 247
189 248
189 249
189 250
189 251
189 252
189 253
189 254
189 255
189 256
189 257
189 258
189 259
189 260
189 261
189 262
189 263
189 264
189 265
189 266
189 267
189 268
190 191
190 192
190 193
190 194
190 195
190 196
190 197
190 198
190 199
190 200
190 201
190 202
190 203
190 204
190 205
190 206
190 207
190 208
190 209
190 210
190 211
190 212
190 213
190 214
190 215
190 216
190 217
190 218
190 219
190 220
190 221
190 222
190 223
190 224
190 225
190 226
190 227
190 228
190 229
190 230
190 231
190 232
190 233
190 234
190 235
190 236
190 237
190 238
190 239
190 240
190 241
190 242
190 243
190 244
190 245
190 246
190 247
190 248
190 249
190 250
190 251
190 252
190 253
190 254
190 255
190 256
190 257
190 258
190 259
190 260
190 261
190 262
190 263
190 264
190 265
190 266
190 267
190 268
191 192
191 193
191 194
191 196
191 197
191 198
191 199
191 200
191 202
191 203
191 204
191 205
191 206
191 207
191 208
191 209
191 210
191 211
191 212
191 213
191 214
191 215
191 216
191 217
191 218
191 219
191 220
191 221
191 222
191 223
191 224
191 225
191 226
191 227
191 228
191 229
191 230
191 231
191 232
191 233
191 234
191 235
191 236
191 237
191 238
191 239
191 240
191 241
191 242
191 243
191 244
191 245
191 246
191 247
191 248
191 249
191 250
191 251
191 252
191 253
191 254
191 255
191 256
191 257
191 258
191 259
191 260
191 261
191 262
191 263
191 264
191 265
191 266
191 267
191 268
192 193
192 194
192 197
192 198
192 199
192 200
192 201
192 202
192 203
192 204
192 205
192 206
192 207
192 208
192 209
192 210
192 211
192 212
192 213
192 214
192 215
192 216
192 217
192 218
192 219
192 220
192 221
192 222
192 223
192 224
192 225
192 226
192 227
192 228
192 229
192 230
192 231
192 232
192 233
192 234
192 235
192 236
192 237
192 238
192 239
192 240
192 241
192 242
192 243
192 244
192 245
192 246
192 247
192 248
192 249
192 250
192 251
192 252
192 253
192 254
192 255
192 256
192 257
192 258
192 259
192 260
192 261
192 262
192 263
192 264
192 265
192 266
192 267
192 268
193 194
193 195
193 196
193 197
193 198
193 199
193 200
193 201
193 202
193 203
193 204
193 205
193 206
193 207
193 208
193 209
193 210
193 211
193 212
193 213
193 214
193 215
193 216
193 217
193 218
193 219
193 220
193 221
193 222
193 223
193 224
193 225
193 226
193 227
193 228
193 229
193 230
193 231
193 232
193 233
193 234
193 235
193 236
193 237
193 238
193 239
193 240
193 241
193 242
193 243
193 244
193 245
193 246
193 247
193 248
193 249
193 250
193 251
193 252
193 253
193 254
193 255
193 256
193 257
193 258
193 259
193 260
193 261
193 262
193 263
193 264
193 265
193 266
193 267
193 268
194 195
194 196
194 197
194 198
194 199
194 200
194 201
194 202
194 203
194 204
194 205
194 206
194 207
194 208
194 209
194 210
194 211
194 212
194 213
194 214
194 215
194 216
194 217
194 218
194 219
194 220
194 221
194 222
194 223
194 224
194 225
194 226
194 227
194 228
194 229
194 230
194 231
194 232
194 233
194 234
194 235
194 236
194 237
194 238
194 239
194 240
194 241
194 242
194 243
194 244
194 245
194 246
194 247
194 248
194 249
194 250
194 251
194 252
194 253
194 254
194 255
194 256
194 257
194 258
194 259
194 260
194 261
194 262
194 263
194 264
194 265
194 266
194 267
194 268
195 199
195 200
195 202
195 203
195 204
195 205
195 206
195 207
195 208
195 209
195 210
195 211
195 212
195 213
195 214
195 215
195 216
195 217
195 218
195 219
195 220
195 221
195 222
195 223
195 224
195 225
195 226
195 227
195 228
195 229
195 230
195 231
195 232
195 233
195 234
195 235
195 236
195 237
195 238
195 239
195 240
195 241
195 242
195 243
195 244
195 245
195 246
195 247
195 248
195 249
195 250
195 251
195 252
195 253
195 254
195 255
195 256
195 257
195 258
195 259
195 260
195 261
195 262
195 263
195 264
195 265
195 266
195 267
195 268
196 197
196 198
196 199
196 200
196 202
196 203
196 204
196 205
196 206
196 207
196 208
196 209
196 210
196 211
196 212
196 213
196 214
196 215
196 216
196 217
196 218
196 219
196 220
196 221
196 222
196 223
196 224
196 225
196 226
196 227
196 228
196 229
196 230
196 231
196 232
196 233
196 234
196 235
196 236
196 237
196 238
196 239
196 240
196 241
196 242
196 243
196 244
196 245
196 246
196 247
196 248
196 249
196 250
196 251
196 252
196 253
196 254
196 255
196 256
196 257
196 258
196 259
196 260
196 261
196 262
196 263
196 264
196 265
196 266
196 267
196 268
197 198
197 199
197 200
197 202
197 203
197 204
197 205
197 206
197 207
197 208
197 209
197 210
197 211
197 212
197 213
197 214
197 215
197 216
197 217
197 218
197 219
197 220
197 221
197 222
197 223
197 224
197 225
197 226
197 227
197 228
197 229
197 230
197 231
197 232
197 233
197 234
197 235
197 236
197 237
197 238
197 239
197 240
197 241
197 242
197 243
197 244
197 245
197 246
197 247
197 248
197 249
197 250
197 251
197 252
197 253
197 254
197 255
197 256
197 257
197 258
197 259
197 260
197 261
197 262
197 263
197 264
197 265
197 266
197 267
197 268
198 199
198 200
198 202
198 203
198 204
198 205
198 206
198 207
198 208
198 209
198 210
198 211
198 212
198 213
198 214
198 215
198 216
198 217
198 218
198 219
198 220
198 221
198 222
198 223
198 224
198 225
198 226
198 227
198 228
198 229
198 230
198 231
198 232
198 233
198 234
198 235
198 236
198 237
198 238
198 239
198 240
198 241
198 242
198 243
198 244
198 245
198 246
198 247
198 248
198 249
198 250
198 251
198 252
198 253
198 254
198 255
198 256
198 257
198 258
198 259
198 260
198 261
198 262
198 263
198 264
198 265
198 266
198 267
198 268
199 200
199 201
199 202
199 203
199 204
199 205
199 206
199 207
199 208
199 209
199 210
199 211
199 212
199 213
199 214
199 215
199 216
199 217
199 218
199 219
199 220
199 221
199 222
199 223
199 224
199 225
199 226
199 227
199 228
199 229
199 230
199 231
199 232
199 233
199 234
199 235
199 236
199 237
199 238
199 239
199 240
199 241
199 242
199 243
199 244
199 245
199 246
199 247
199 248
199 249
199 250
199 251
199 252
199 253
199 254
199 255
199 256
199 257
199 258
199 259
199 260
199 261
199 262
199 263
199 264
199 265
199 266
199 267
199 268
200 201
200 202
200 203
200 204
200 205
200 206
200 207
200 208
200 209
200 210
200 211
200 212
200 213
200 214
200 215
200 216
200 217
200 218
200 219
200 220
200 221
200 222
200 223
200 224
200 225
200 226
200 227
200 228
200 229
200 230
200 231
200 232
200 233
200 234
200 235
200 236
200 237
200 238
200 239
200 240
200 241
200 242
200 243
200 244
200 245
200 246
200 247
200 248
200 249
200 250
200 251
200 252
200 253
200 254
200 255
200 256
200 257
200 258
200 259
200 260
200 261
200 262
200 263
200 264
200 265
200 266
200 267
200 268
201 202
201 203
201 204
201 205
201 206
201 207
201 208
201 209
201 210
201 211
201 212
201 213
201 214
201 215
201 216
201 217
201 218
201 219
201 220
201 221
201 222
201 223
201 224
201 225
201 226
201 227
201 228
201 229
201 230
201 231
201 232
201 233
201 234
201 235
201 236
201 237
201 238
201 239
201 240
201 241
201 242
201 243
201 244
201 245
201 246
201 247
201 248
201 249
201 250
201 251
201 252
201 253
201 254
201 255
201 256
201 257
201 258
201 259
201 260
201 261
201 262
201 263
201 264
201 265
201 266
201 267
201 268
202 204
202 205
202 206
202 207
202 208
202 209
202 210
202 212
202 213
202 214
202 215
202 216
202 217
202 220
202 221
202 222
202 224
202 225
202 226
202 227
202 228
202 229
202 230
202 231
202 232
202 233
202 234
202 235
202 236
202 237
202 239
202 240
202 241
202 242
202 243
202 244
202 245
202 246
202 247
202 248
202 250
202 251
202 252
202 253
202 254
202 255
202 256
202 258
202 259
202 260
202 262
202 263
202 264
202 265
202 268
203 206
203 215
203 225
203 230
203 231
203 232
203 247
203 251
203 253
203 255
204 206
204 215
204 216
204 217
204 220
204 221
204 222
204 225
204 230
204 231
204 232
204 242
204 244
204 246
204 247
204 251
204 253
204 255
204 262
204 268
205 206
205 215
205 217
205 222
205 225
205 230
205 231
205 232
205 242
205 246
205 247
205 251
205 253
205 255
205 262
205 268
206 207
206 208
206 209
206 210
206 211
206 212
206 213
206 214
206 215
206 216
206 217
206 218
206 219
206 220
206 221
206 222
206 224
206 225
206 226
206 227
206 228
206 229
206 230
206 231
206 232
206 233
206 234
206 235
206 236
206 237
206 239
206 240
206 241
206 242
206 243
206 244
206 245
206 247
206 248
206 249
206 250
206 251
206 252
206 253
206 254
206 255
206 256
206 258
206 260
206 261
206 262
206 263
206 264
206 265
206 267
206 268
207 208
207 209
207 210
207 212
207 214
207 215
207 216
207 217
207 220
207 221
207 222
207 225
207 226
207 228
207 229
207 230
207 231
207 232
207 233
207 237
207 241
207 242
207 243
207 244
207 246
207 247
207 251
207 252
207 253
207 254
207 255
207 256
207 259
207 262
207 263
207 268
208 209
208 210
208 212
208 214
208 215
208 216
208 220
208 221
208 222
208 225
208 226
208 228
208 229
208 230
208 231
208 232
208 233
208 237
208 241
208 242
208 243
208 244
208 247
208 251
208 252
208 253
208 254
208 255
208 256
208 262
208 263
208 268
209 210
209 212
209 213
209 214
209 215
209 216
209 220
209 221
209 222
209 224
209 225
209 226
209 228
209 229
209 230
209 231
209 232
209 233
209 234
209 235
209 237
209 240
209 241
209 242
209 243
209 244
209 245
209 247
209 250
209 251
209 252
209 253
209 254
209 255
209 256
209 258
209 262
209 263
209 264
209 265
209 268
210 212
210 213
210 214
210 215
210 216
210 217
210 220
210 221
210 222
210 224
210 225
210 226
210 228
210 229
210 230
210 231
210 232
210 233
210 234
210 235
210 237
210 240
210 241
210 242
210 243
210 244
210 245
210 246
210 247
210 250
210 251
210 252
210 253
210 254
210 255
210 256
210 258
210 259
210 262
210 263
210 264
210 265
210 268
211 215
211 222
211 225
211 230
211 231
211 232
211 242
211 246
211 247
211 251
211 253
211 255
211 268
212 214
212 215
212 216
212 217
212 220
212 221
212 222
212 224
212 225
212 226
212 228
212 229
212 230
212 231
212 232
212 233
212 234
212 235
212 237
212 240
212 241
212 242
212 243
212 244
212 245
212 247
212 250
212 251
212 252
212 253
212 254
212 255
212 256
212 262
212 263
212 268
213 215
213 216
213 217
213 220
213 221
213 222
213 225
213 230
213 231
213 232
213 242
213 244
213 246
213 247
213 251
213 253
213 255
213 262
213 268
214 215
214 216
214 217
214 220
214 221
214 222
214 225
214 226
214 228
214 229
214 230
214 231
214 232
214 233
214 242
214 243
214 244
214 246
214 247
214 251
214 253
214 254
214 255
214 256
214 259
214 262
214 268
215 216
215 218
215 219
215 220
215 221
215 222
215 224
215 225
215 226
215 227
215 228
215 229
215 230
215 231
215 232
215 233
215 234
215 235
215 236
215 237
215 239
215 240
215 241
215 242
215 243
215 244
215 245
215 247
215 248
215 249
215 250
215 251
215 252
215 253
215 254
215 255
215 256
215 258
215 260
215 262
215 263
215 264
215 265
215 267
215 268
216 217
216 220
216 221
216 222
216 224
216 225
216 226
216 228
216 229
216 230
216 231
216 232
216 233
216 234
216 235
216 237
216 240
216 241
216 242
216 243
216 244
216 245
216 246
216 247
216 250
216 251
216 252
216 253
216 254
216 255
216 256
216 258
216 259
216 262
216 263
216 264
216 265
216 268
217 220
217 221
217 224
217 225
217 226
217 228
217 229
217 231
217 232
217 235
217 237
217 240
217 241
217 243
217 244
217 247
217 252
217 253
217 254
217 256
217 262
217 263
217 264
217 268
218 225
218 230
218 231
218 232
218 242
218 247
218 251
218 253
218 255
219 225
219 230
219 247
219 251
219 253
219 255
220 221
220 222
220 224
220 225
220 226
220 227
220 228
220 229
220 230
220 231
220 232
220 233
220 234
220 235
220 237
220 239
220 240
220 241
220 242
220 243
220 244
220 245
220 246
220 247
220 250
220 251
220 252
220 253
220 254
220 255
220 256
220 258
220 262
220 263
220 264
220 265
220 268
221 222
221 224
221 225
221 226
221 227
221 228
221 229
221 230
221 231
221 232
221 233
221 234
221 235
221 237
221 239
221 240
221 241
221 242
221 243
221 244
221 245
221 247
221 250
221 251
221 252
221 253
221 254
221 255
221 256
221 258
221 262
221 263
221 264
221 265
221 268
222 224
222 225
222 226
222 227
222 228
222 229
222 230
222 231
222 232
222 233
222 234
222 235
222 236
222 237
222 239
222 240
222 241
222 242
222 243
222 244
222 245
222 247
222 248
222 250
222 251
222 252
222 253
222 254
222 255
222 256
222 258
222 260
222 262
222 263
222 264
222 265
222 268
223 225
223 231
223 232
223 247
223 253
224 225
224 228
224 229
224 230
224 231
224 232
224 242
224 244
224 246
224 247
224 251
224 253
224 254
224 255
224 262
224 268
225 226
225 227
225 228
225 229
225 230
225 231
225 232
225 233
225 234
225 235
225 236
225 237
225 239
225 240
225 241
225 242
225 243
225 244
225 245
225 246
225 247
225 248
225 249
225 250
225 251
225 252
225 253
225 254
225 255
225 256
225 257
225 258
225 259
225 260
225 261
225 262
225 263
225 264
225 265
225 266
225 267
225 268
226 228
226 229
226 230
226 231
226 232
226 233
226 234
226 237
226 241
226 242
226 243
226 244
226 245
226 246
226 247
226 251
226 252
226 253
226 254
226 255
226 256
226 259
226 262
226 263
226 268
227 230
227 231
227 232
227 242
227 244
227 247
227 251
227 253
227 255
227 262
227 268
228 229
228 230
228 231
228 232
228 233
228 234
228 235
228 237
228 240
228 241
228 242
228 243
228 244
228 245
228 246
228 247
228 250
228 251
228 252
228 253
228 254
228 255
228 256
228 258
228 259
228 262
228 263
228 264
228 265
228 268
229 230
229 231
229 232
229 233
229 234
229 235
229 237
229 240
229 241
229 242
229 243
229 244
229 245
229 247
229 250
229 251
229 252
229 253
229 254
229 255
229 256
229 262
229 263
229 264
229 265
229 268
230 231
230 232
230 233
230 234
230 235
230 236
230 237
230 239
230 240
230 241
230 242
230 243
230 244
230 245
230 247
230 248
230 249
230 250
230 251
230 252
230 253
230 254
230 255
230 256
230 258
230 260
230 262
230 263
230 264
230 265
230 268
231 232
231 233
231 234
231 235
231 236
231 237
231 239
231 240
231 241
231 242
231 243
231 244
231 245
231 246
231 247
231 248
231 250
231 251
231 252
231 253
231 254
231 255
231 256
231 258
231 259
231 260
231 262
231 263
231 264
231 265
231 268
232 233
232 234
232 235
232 236
232 237
232 239
232 240
232 241
232 242
232 243
232 244
232 245
232 246
232 247
232 248
232 250
232 251
232 252
232 253
232 254
232 255
232 256
232 258
232 259
232 260
232 262
232 263
232 264
232 265
232 268
233 242
233 243
233 244
233 247
233 251
233 253
233 254
233 255
233 256
233 262
233 268
234 242
234 244
234 247
234 251
234 253
234 254
234 255
234 262
234 268
235 242
235 244
235 246
235 247
235 251
235 253
235 254
235 255
235 259
235 262
235 268
236 242
236 247
236 251
236 253
236 255
236 262
236 268
237 241
237 242
237 243
237 244
237 246
237 247
237 251
237 253
237 254
237 255
237 256
237 259
237 262
237 268
238 247
239 242
239 247
239 251
239 253
239 255
239 262
239 268
240 242
240 244
240 246
240 247
240 251
240 253
240 254
240 255
240 259
240 262
240 268
241 242
241 243
241 244
241 246
241 247
241 251
241 252
241 253
241 254
241 255
241 256
241 259
241 262
241 268
242 243
242 244
242 245
242 247
242 248
242 250
242 251
242 252
242 253
242 254
242 255
242 256
242 258
242 260
242 262
242 263
242 264
242 265
242 268
243 244
243 245
243 246
243 247
243 251
243 252
243 253
243 254
243 255
243 256
243 259
243 262
243 263
243 268
244 245
244 247
244 250
244 251
244 252
244 253
244 254
244 255
244 256
244 258
244 262
244 263
244 264
244 265
244 268
245 247
245 251
245 253
245 254
245 255
245 262
245 268
246 247
246 252
246 253
246 256
246 262
246 263
246 264
247 248
247 249
247 250
247 251
247 252
247 253
247 254
247 255
247 256
247 258
247 259
247 260
247 261
247 262
247 263
247 264
247 265
247 266
247 267
247 268
248 251
248 253
248 255
248 268
249 251
250 251
250 253
250 255
250 262
250 268
251 252
251 253
251 254
251 255
251 256
251 258
251 260
251 261
251 262
251 263
251 264
251 265
251 268
252 253
252 254
252 255
252 256
252 259
252 262
252 268
253 254
253 255
253 256
253 258
253 259
253 260
253 262
253 263
253 264
253 265
253 268
254 255
254 256
254 262
254 263
254 265
254 268
255 256
255 258
255 260
255 262
255 263
255 264
255 265
255 268
256 259
256 262
256 268
258 262
258 268
259 262
259 263
262 263
262 264
262 265
262 268
263 268
264 268
265 268
68
69
70
71
72
73
74
75
76
77
78
79
80
81
82
83
84
85
86
87
88
89
90
91
92
93
94
95
96
97
98
99
100
101
102
103
104
105
106
107
108
109
110
111
112
113
114
115
116
117
118
119
120
121
122
123
124
125
126
127
128
129
130
131
132
133
134
202
203
204
205
206
207
208
209
210
211
212
213
214
215
216
217
218
219
220
221
222
223
224
225
226
227
228
229
230
231
232
233
234
235
236
237
238
239
240
241
242
243
244
245
246
247
248
249
250
251
252
253
254
255
256
257
258
259
260
261
262
263
264
265
266
267
268
1
2
3
4
5
6
7
8
9
10
11
12
13
14
15
16
17
18
19
20
21
22
23
24
25
26
27
28
29
30
31
32
33
34
35
36
37
38
39
40
41
42
43
44
45
46
47
48
49
50
51
52
53
54
55
56
57
58
59
60
61
62
63
64
65
66
67
135
136
137
138
139
140
141
142
143
144
145
146
147
148
149
150
151
152
153
154
155
156
157
158
159
160
161
162
163
164
165
166
167
168
169
170
171
172
173
174
175
176
177
178
179
180
181
182
183
184
185
186
187
188
189
190
191
192
193
194
195
196
197
198
199
200
201
